"Dim.1","Dim.2","Dim.3","Dim.4","Dim.5"
6.11758080745065,3.7725429017064,3.92983773161524,0.34151974834453,5.69380084409558
8.5612276361823,0.5512587063048,0.690518222382101,0.430872983471169,0.0171769639035942
3.06955079425535,0.103250091831998,11.0148927138926,27.7646128734246,0.000763876476590193
0.0377338572227408,11.562588242652,29.3520914516341,0.0612992310626449,15.5506970340463
7.75052585233057,0.825026588914945,2.3894830800939,0.209552157012586,4.41523393033027
8.59651991251954,0.891275783125841,0.802279903133462,2.42593404484835,0.757855164078332
3.74910518694397,3.8442568964778,15.9862037606543,0.575497365376699,15.6132187466274
4.37445299115191,15.2061064307955,4.805341247852,4.58021988749679,0.0247205068673447
7.5016803831527,7.54121678545082,0.819783185454923,0.141870443867606,3.36048181940257
6.63494237369749,2.96263176554247,0.0869109651772165,0.137054623575735,15.0682321462564
7.88789136918261,6.16882545906058,0.757248481473428,0.410282620595686,0.0540801657929231
5.74125466534254,0.000341251209169001,1.75184231947908,12.2288134679453,12.2922644372018
2.72431150884699,6.63122066863424,16.9092899877836,4.36184177417598,3.03521904209493
4.61425131640314,6.7039247430092,0.345069379992066,0.0322327556050923,0.0335159354607883
6.78613491733606,0.161586251036965,0.0176584522059138,0.689219773460479,5.36110091008054
2.2241831575041,4.69527258176935,6.72431262573888,15.6965757030976,15.7502596408759
7.06320632624316,9.13380712357164,1.74389176031513,0.00138059390303955,2.78985813337283
0.92022048482366,12.572284119988,0.0283930173557255,28.1379662961219,3.61363149548825e-05
5.64522645941047,6.67258360891814,1.8449517137663,1.77325365661432,0.181484566721049
